191
9543
8202
9981
7679
6382
3414
2579
3429
422
6624
9741
4009
4043
6159
705
6985
4450
3934
952
4415
849
3978
6277
8507
5853
2157
1636
3987
5863
674
6610
7260
1546
3318
4394
243
8745
5547
3446
2933
663
4654
7536
3788
5252
8933
4066
1054
1821
5045
8170
1934
6959
1076
7892
159
3252
9127
9790
5275
6012
4219
5131
7866
1223
7268
4452
630
1028
7684
1845
7137
2532
3533
1755
1471
1655
6646
9691
3509
1960
8890
4505
3182
3833
2856
368
4303
2345
4067
8866
4201
8201
6317
2955
7498
976
9616
4400
7320
7102
6471
4066
757
1235
7575
4045
9449
4273
2800
3600
663
7276
9667
7114
5592
721
1365
3143
3443
8882
3749
9288
3003
9194
7856
8191
462
4487
7324
8104
3368
1161
6253
6410
4095
3042
5346
7330
6615
3960
7051
3947
7486
1700
6043
4903
9556
4817
5525
5125
3895
4208
40
1669
5589
3884
8713
4602
2287
7046
6611
6511
2796
7279
4547
6100
479
9232
5733
7659
9629
9112
1424
5646
5630
1105
4564
2123
5255
9807
5818
8518
8635
7680
3905
3024
9173
8695
4923
8534
7158
7154
830
101
5229
1147
735
7741
7267
8180
5725
331
8233
3685
6032
9220
5326
2315
1545
2638
8529
7597
6888
4497
3420
864
5500
9767
7515
7392
7883
9673
3537
1508
4100
7288
7812
2130
6148
4609
3988
1234
7112
9255
9584
460
4274
363
9771
5922
8619
8815
3900
8784
1056
2517
762
5486
839
1181
621
2235
1571
2803
6198
2710
28
6408
4968
6940
930
385
5998
8015
9688
991
7609
7793
9698
8346
6890
1602
541
3718
5639
323
2367
3679
5771
8078
3332
2322
2884
4233
1352
6261
2537
3590
5150
3933
9570
1423
8312
1451
6333
5036
6272
6187
1223
2256
2788
3594
6045
1357
6930
2268
1618
3501
9727
103
7351
9022
3901
5762
2873
2493
3685
2310
5676
5220
322
7847
9844
459
744
4522
3208
4081
7267
1235
1477
6553
8956
8588
1698
9840
3038
6036
2450
682
4365
3939
1095
6317
6753
4878
2154
4870
2398
7741
2506
2506
2777
5420
6844
2310
9300
3679
419
5072
9393
325
7003
6590
3135
5296
2638
2816
2567
9340
6062
3924
3094
6516
5550
1261
9695
1598
8044
4483
9812
4375
728
2534
3939
5416
4128
8937
4087
931
8381
3442
5164
1759
2717
3304
7477
9301
6812
7118
3402
5860
3536
2658
6478
9407
7983
8642
7225
9355
3492
2849
1272
3903
6668
1517
5295
3019
6276
8293
6863
6312
8598
8511
1611
5146
4825
7223
1579
60
3529
7555
454
7711
6515
65
3313
4209
632
6563
2664
6381
160
3904
5737
7560
395
3877
5589
7538
1939
8064
4010
5653
9546
8794
2415
419
3081
5037
7228
9946
6124
7294
1992
6513
2727
4344
6436
6730
2212
5873
5115
247
5487
5340
8899
8918
7498
1675
2660
8397
9072
454
7003
3079
3432
6105
7409
7253
9969
4761
8483
2122
6520
1435
9057
8854
4636
4038
436
3193
6269
4318
3952
5205
4886
8730
6946
4144
7603
5090
1537
7126
7848
3034
7673
8531
5409
4638
4028
8002
8072
5625
2731
3020
7968
7146
2703
3070
6272
2529
9082
8633
5499
2440
5715
4839
3171
606
535
1642
6177
6553
5219
468
2745
2539
3626
3879
7016
2815
7777
9184
3389
9633
3862
3470
7214
8648
7226
4245
7257
2798
1820
7089
8136
9746
2682
748
8179
8483
5467
4801
6431
6890
9410
3122
9536
7965
2437
4187
3216
1223
6766
1026
9736
5980
3762
9673
6380
7492
504
339
9089
8705
6308
4168
5322
8153
4821
322
3474
2474
4649
8204
5471
8981
7426
9610
7234
1303
9004
3398
8205
3368
3446
2600
6026
8808
4250
3485
8765
5838
480
2141
559
3574
8352
3629
6398
781
5395
3818
2134
9244
1701
8616
8991
7175
1026
5549
3013
3441
8629
4092
6107
8357
8195
6648
8133
6475
9814
3061
6733
4499
7191
8099
7348
9935
8590
6670
8886
5944
3789
9382
3255
8681
6164
7856
8432
9542
1172
9333
894
7750
396
4704
8390
813
6369
2856
5506
2621
3888
5871
9559
322
3228
9135
2239
9678
9854
4014
119
2207
22
439
1784
440
2205
84
2771
2932
701
6722
4124
5180
9660
5850
2586
5319
4363
8682
3427
3508
8463
5830
4743
7229
3300
4833
3689
5908
1871
3395
1683
523
7004
1004
6762
715
1426
7334
7543
760
9410
4307
1181
5626
6834
8763
2618
2010
6995
9299
7146
2055
2420
5149
7376
9131
722
1387
9650
1146
689
2894
5213
1153
7236
1460
6260
8409
5980
1308
5428
4846
2036
643
1738
6865
6452
2759
1377
4224
8031
5330
9863
8562
6935
2004
3634
9944
7420
9363
6518
4240
4734
3550
8227
1521
5895
4190
1753
2094
872
698
394
8714
9483
5447
5992
5007
4961
8712
398
6755
7110
1843
1293
7361
7165
6809
3123
9885
746
3811
6474
2629
6824
3376
2060
1230
8056
2125
5373
7653
1994
9783
2065
4975
6767
4928
5980
8093
7441
5359
7065
7248
4917
4237
6409
1729
1734
6040
8473
2272
2897
7376
181
374
9020
4394
2755
1344
5919
1751
4473
6780
1769
6023
4943
9040
185
9798
5958
7518
3048
211
6122
9626
8278
5333
709
9974
6689
1010
2921
5013
4443
3960
2925
7214
8885
5768
1959
8142
109
2514
7041
9070
2235
5842
5626
9530
842
8017
9132
7834
7445
6897
9967
3340
773
8190
4057
415
6938
1692
8804
4602
7154
9226
4317
8146
7828
964
8434
5937
9296
6357
2330
7208
9527
1791
2468
10000
2140
4462
717
1676
3656
7009
9337
1022
9748
7840
4665
1427
7345
7648
4505
3921
1805
2419
3185
9478
2819
5983
6653
6014
1385
1598
4106
4197
3817
3546
1446
4535
4106
2886
8812
536
2779
1490
5447
4673
5258
8841
1928
9119
82
847
4024
5598
6907
4486
2058
9916
1683
3281
8504
9646
4591
3265
1637
1915
3068
2023
5377
1473
1915
3789
6463
3943
7870
7738
1831
3393
9495
1732
4673
1172
3069
3340
1450
5723
8355
9902
5109
5911
8244
4690
3794
5184
9131
9845
1076
4806
9032
7843
8660
4877
3448
7359
1928
6187
5453
429
3706
1665
7803
2529
5948
6996
38
8615
4035
9803
3942
6481
5175
3560
8799
3569
3433
8454
6949
6475
2085
6287
8700
9437
764
7871
8524
6938
4355
7251
4559
2970
1617
8797
3047
3448
3055
6803
803
1062
5192
7729
3601
6551
6703
541
6739
7425
2764
6140
2659
294
8697
8601
4183
376
1918
2095
9929
4519
9020
9679
3847
1761
821
3212
1312
9744
1744
5017
9402
7515
7428
5105
5850
5456
6161
2525
7048
1828
9508
9896
3342
793
1911
8123
3980
8007
7514
932
724
8491
6484
7505
6227
1889
2509
5807
7864
565
137
494
7219
2195
3772
4796
8967
963
9813
3829
4100
449
9974
8178
1666
4905
8765
6767
9360
7733
9358
3124
6580
2347
4926
4297
3882
4665
621
7639
7755
4450
9140
5405
152
8560
6719
6886
9366
1207
7173
4683
2763
1503
9055
5834
4602
5115
3242
7781
6527
8690
9633
9420
2268
293
1782
8540
2312
341
5484
4454
2580
3811
132
1032
4205
7397
5216
7715
4131
964
8078
5405
6292
6984
4841
3569
7917
6170
6379
9919
5822
8442
7216
5605
7305
3945
886
1904
6603
6089
8142
5621
6450
46
3880
149
1568
9423
4185
1999
3862
8055
1389
5561
7473
3535
1411
5821
4288
6762
3747
7455
4638
2111
6335
7814
5671
472
2887
1880
5497
373
1891
2271
2006
3732
9489
2013
8370
2015
8750
1913
8081
124
9738
7370
7141
8455
4430
9716
2201
2719
3409
7315
5649
7181
6259
1040
7602
4082
3256
1381
2692
9641
3085
9887
3121
9007
9895
7959
4998
2437
6062
5053
290
6333
550
7593
1103
5305
1901
268
4161
9765
7143
315
3615
393
1388
2096
4942
8018
2932
5311
8056
1689
5973
4854
2877
7902
4138
2835
5468
1231
3460
5169
4075
8741
2547
8038
6646
6522
9766
7969
4622
4426
6672
9712
2769
7627
901
4526
6424
21
4163
1309
1415
4699
6260
8719
4664
5981
7026
2749
9827
1044
9455
2835
7493
9772
7820
476
9479
1044
3241
1539
2564
6248
7288
5792
1298
6280
4346
5270
8735
484
5202
4730
8784
7866
1169
6564
3475
1578
6289
2173
4010
4865
4446
8483
3909
6358
3225
4768
1046
7839
1471
6528
6958
1368
7309
1309
5922
2198
3768
5295
8271
6653
3181
7743
6607
30
6374
2116
3979
5900
1582
1387
8332
547
9064
6819
8949
9089
3002
1833
6236
123
708
2987
898
6908
8487
4962
106
4030
6745
6857
1102
4988
3789
4400
5274
4335
5196
4817
3120
2503
8322
9936
7819
240
2969
7168
7439
5685
6784
4697
7174
2437
8589
4844
2280
2644
4469
9500
8809
5513
3322
9733
5883
2663
9602
8502
3703
7015
5083
4266
6645
3384
760
4680
5176
8397
1907
5267
7992
7586
6004
9245
1583
1998
1174
9001
5968
3344
4633
2212
4699
6464
5078
181
9004
9954
9138
3890
9645
7391
1705
5255
5773
9357
338
1454
2655
6171
3015
9986
2471
6549
6517
2844
4404
3873
9309
9744
5739
688
854
9680
4794
3079
8846
9458
5105
3026
8952
1894
2241
9919
7197
1739
8359
9991
2488
8840
3555
2305
1621
5745
1613
2985
4091
9372
6625
2293
3443
4269
2079
979
2576
6652
9667
8166
7926
5092
6862
8365
6491
6472
2686
4039
4122
5523
4326
5697
476
7058
3008
995
6057
1120
448
8084
7424
2199
6874
9231
7560
5644
9864
4293
3474
2787
4932
2572
4906
1820
5977
6711
4733
8560
496
3024
3744
5114
8622
6582
7970
6835
8572
7357
8650
4242
4161
34
3573
7974
3204
3520
4954
2160
4062
4147
5647
3204
7522
3407
7841
6882
1055
5003
8482
3854
5819
7988
4085
2803
4651
2398
699
5974
8048
1955
3838
3940
1723
3758
849
4733
3886
1127
3121
9967
1557
6594
3360
6165
2357
6524
1429
8915
7678
3522
8879
6886
4391
5404
7965
7965
3903
2398
5048
8431
6309
9527
9341
5565
2325
7876
42
9687
2627
6338
2111
6903
3530
9879
1684
4260
950
5816
1133
3814
6487
7977
2707
6726
8955
6038
2817
8492
3152
3747
3406
3916
9999
7195
1135
7878
8165
2605
879
8167
4685
4722
5050
7227
7644
7420
4837
159
5262
8920
7287
7397
5760
3707
1035
5868
5355
6983
3098
7161
4743
9983
4256
5306
4432
3906
5112
4045
9280
2795
4168
6346
1849
8683
1329
3141
232
4803
1637
3497
4260
7636
7974
8183
8230
7216
5365
1240
6546
3616
8346
17
4484
6820
9023
8646
7013
3346
9811
6444
5883
3255
2815
3863
3779
365
1629
2618
2057
2173
7134
8609
5081
738
3406
9692
5877
126
2257
8306
820
3853
8011
5090
483
6503
2030
869
2511
2228
2392
1366
3478
8603
9245
9081
7126
8933
4015
3224
6017
8916
4541
868
459
6981
5471
3870
6058
1141
3218
3386
795
9739
8736
810
954
5341
3421
7221
9465
272
3298
7584
5316
2737
3715
8775
1502
9603
7942
6200
6797
3174
1894
6946
1960
7460
9493
2605
8635
2696
1781
1063
7886
803
6733
1417
5349
3838
7677
9448
8702
1314
441
3223
7983
2639
6444
8639
9507
8995
7483
2936
1947
1463
8749
903
2511
2316
8758
6575
4407
7247
2378
7241
5974
2835
7037
3376
6067
3496
9326
1969
4860
6618
2802
4406
9144
2755
4364
6547
2187
8937
939
6538
6608
2453
8065
3275
6460
6674
6069
2464
11
6041
1717
3608
2206
1539
5762
7939
4578
7347
9359
2911
315
1453
7745
7101
6865
2829
222
1334
1807
1559
5284
9575
452
9450
4865
4603
2655
3306
5375
1649
973
3295
872
6203
4186
1124
6932
9961
4118
9946
5331
2440
3550
5500
7691
546
9784
5443
5115
9864
3157
9740
6543
6618
8460
7805
3135
5113
7952
6168
1833
3324
7373
6886
7049
2156
1399
298
9000
9042
7252
5392
3790
5752
8477
650
7151
133
8465
5988
922
5602
1901
1384
2944
951
3894
8574
831
7630
39
7891
7397
9356
5292
8052
206
6084
1808
867
1495
926
6918
8999
7903
2554
8868
652
5168
1036
9146
4801
716
266
6301
9741
7162
3595
6627
6497
9534
1697
2942
6581
779
360
2879
223
1496
7598
5305
2530
7151
5659
9686
7525
4402
1340
6825
2339
3920
2027
857
8753
5219
8195
7887
3343
265
1256
2961
314
9214
5572
1951
8676
3832
1102
351
2297
7517
3385
5546
237
6580
8923
4828
6906
4884
6862
7431
1635
8512
3716
6852
6906
7001
9680
2020
1277
3629
5444
3038
3783
3161
4879
3069
8968
6682
4306
504
1156
6677
5382
6495
1629
7656
2031
5413
7572
5350
3677
6213
6653
2579
4159
8330
796
8867
9252
4950
7957
8978
9976
457
5336
4568
6229
3511
3061
1635
6596
9815
6458
6112
2399
5860
5440
3239
5220
8563
92
3425
4874
3404
5279
2975
1785
4462
1187
5379
3607
8287
4368
4927
9194
56
2988
2027
7849
4052
6232
3945
8295
7174
6356
7034
4985
5929
6063
250
7639
3428
8181
5336
7060
4848
6840
7959
8413
2964
7972
8271
6977
9924
8895
5145
351
8075
7470
1340
7723
6790
9739
3925
5501
4177
3532
5334
1817
1486
8410
895
6663
8953
6762
3292
3582
2984
6905
6429
4245
2912
6038
7883
9362
4098
7728
2332
5086
2183
3554
7290
5331
9838
940
239
5833
5344
8095
3608
5090
2127
2941
7323
7950
9084
3558
7200
3823
1173
4953
3838
4088
2288
3497
1057
3069
2126
6469
3785
9055
6167
9008
7737
9573
5455
4038
2025
8057
8266
4183
132
4884
2571
9845
7316
2938
8797
3588
6669
6111
7806
2492
2035
6398
1793
105
2855
540
7187
5807
128
6919
6440
9517
2462
8425
5119
4664
6240
6926
4567
7271
9454
4568
61
9857
8149
4725
6850
3057
1784
1403
4862
4680
2055
6971
1449
4050
841
6851
7513
6883
8327
8616
8367
5070
2044
3046
8079
3385
4683
9574
8903
1456
4033
6693
1551
2729
3159
7467
9639
4695
2587
2537
8780
4213
9102
7719
7832
1733
3956
7984
288
8038
2437
4758
964
4578
6009
1268
3951
2798
3101
6816
3224
520
8227
8934
1710
6977
6961
4832
232
903
2398
9607
646
7554
2983
182
9445
8146
1094
7140
4644
1377
5184
9073
2780
7958
6780
9176
3214
7711
5079
5886
1956
4368
8793
9492
5162
161
8004
9530
3928
2653
6309
3287
3454
4869
1014
6358
9131
9296
2745
7101
9969
607
4338
3362
2849
738
711
980
8947
8938
616
715
2570
3368
2920
4423
515
3879
5602
9636
3333
9556
1676
3919
2700
9331
1418
7896
1191
7750
3279
3679
9757
7858
3654
3864
1154
8837
3467
7896
7895
4500
9033
5334
4115
3623
1144
76
4707
3401
5466
2573
1995
691
6199
1396
8231
72
6899
5202
9485
2006
6626
9667
9787
3443
46
4444
4538
3264
3822
845
8210
6194
9686
4292
3764
786
3565
1734
9164
5900
3594
9213
3191
3671
3459
5434
510
9762
2162
9407
1538
9387
4707
2629
846
1959
256
1403
2281
959
3853
9255
7407
6479
7873
462
2416
8921
7433
5135
2395
5278
1885
1607
2745
3326
9840
4618
4546
8930
4264
7950
9127
8397
5100
7419
5132
7370
6669
4535
9815
1450
3270
9230
2134
8912
7023
3727
2984
5447
7133
8851
3234
9711
6294
5170
8050
2547
724
7735
4875
9748
2697
6365
8334
767
6468
975
8951
9581
1773
1182
8838
9881
2202
1259
9892
4903
227
3628
4431
6786
1119
2288
6228
3726
1113
3588
3304
3314
4563
3312
7072
2484
5648
2567
467
6081
8705
6512
8370
3178
9626
35
5348
9030
8392
8178
3365
7308
4875
2237
5495
1573
1293
1728
4119
5314
5604
8489
3073
5750
9620
568
3285
7273
6282
1459
3568
7116
2091
2688
5807
8849
9433
3237
6574
8847
6442
5859
2844
5378
8762
738
1980
4209
9804
3975
4418
8047
1551
1399
8474
2513
3090
6623
396
1648
6643
4932
3322
3969
7811
2305
6128
8312
8234
2010
3896
5656
7485
2770
2637
2106
1736
8572
25
5166
1697
5183
2386
6712
2195
8617
3113
2769
1286
7958
1394
1154
4553
8252
7964
4443
9555
26
2498
8584
2640
581
5251
5937
3309
4911
1816
9562
5106
5139
5302
1228
4400
3009
9697
9990
3218
8071
5147
283
6808
7633
61
5305
6844
5433
9672
8546
1183
7655
6170
246
201
656
9727
9846
711
1649
615
6421
3468
3348
5355
4117
2273
9516
683
6393
4412
1583
514
6295
424
1766
6790
1696
8233
2666
7826
6601
7951
1886
3753
6009
4580
6124
6140
5393
6670
7849
7719
866
1570
6623
6678
5158
3291
9187
6730
738
9337
2664
9179
4189
8845
644
7721
5856
2221
3377
5171
8873
5213
9310
8623
4423
6990
8096
8715
1016
7794
5409
4431
8531
2272
7761
8845
5001
5446
6642
4098
5927
3280
164
7485
9405
4566
2182
7010
7529
8168
8050
6652
7349
206
5801
2120
206
9544
1371
6048
4983
7857
1087
6980
3804
209
5731
4118
2363
3132
3519
2062
8072
3532
6823
108
6543
4217
4470
6458
1825
9862
7452
7185
606
534
8965
9014
3876
3355
5459
8039
5880
8907
8153
4115
4881
5741
7339
7116
9167
310
9165
1280
1115
2759
5457
2364
181
5974
4825
4541
1643
3182
6134
8472
1966
1046
6383
8017
9494
3658
9745
372
5403
8482
6283
2515
7476
7622
5944
275
9650
7303
849
6832
9162
3313
3275
7158
2604
3423
9659
6137
2050
7793
1602
8489
8407
191
9231
5737
1889
148
2048
7196
7428
7759
8122
5063
2742
5967
231
4475
1514
2714
4814
7867
3048
7748
6196
7458
9185
9576
5810
5636
5916
8673
9827
7891
2446
2693
9344
1588
7633
5265
4091
8152
8714
6879
391
901
8854
8062
5094
5178
4817
5234
5338
6019
6523
8562
3389
2114
9491
9145
574
3278
1083
9380
2100
9109
3302
8735
7256
4753
4031
8238
3359
2378
8185
5074
6881
2356
6657
2974
2658
4382
2449
848
5101
9182
9261
2958
3073
5423
1680
4514
1225
6197
7717
3093
2485
9026
6123
1011
5060
6001
1091
1465
2875
4006
6118
1865
6688
66
8964
4901
7833
2965
6982
4493
3527
1522
5134
5133
8323
9261
4924
3973
8921
2950
5245
8934
6931
2521
885
6139
700
8225
5342
854
6656
7129
1686
5575
2754
394
8180
4130
6828
9074
1200
8321
1828
4920
9937
8908
5639
7470
8039
6731
8684
7470
798
8753
4563
8484
8587
9786
5639
5367
2594
3231
3447
8208
55
4446
7710
2319
7377
8077
9429
3430
5097
3357
7742
7304
8512
5292
5782
2759
5357
6190
5867
6290
3485
1966
3254
6013
52
5778
1952
446
8285
6166
515
513
6341
3228
997
8818
3582
7501
9579
744
1792
1267
9384
2811
4386
7055
2533
2200
9782
6348
7496
9663
8268
9641
8111
6894
6877
1985
9881
5022
1063
4329
8334
6617
3305
4747
8714
4914
1473
5715
8775
6369
7633
8789
9267
1310
828
4743
9640
8208
8981
8586
1584
5779
2458
9169
6525
362
1312
2319
6997
7501
5774
9516
3268
1269
9572
6626
8722
9143
5903
9906
6378
5528
6908
3192
7765
361
2341
4573
2003
6203
7372
3201
5147
3807
7764
1242
160
1168
1353
5893
146
2915
6761
8656
3568
1110
5424
6261
4363
7748
3790
8810
1238
5168
112
713
758
7299
8762
7156
9898
2248
9371
9768
124
8300
5252
3679
4331
3594
5783
981
8147
7805
7084
7360
2368
4297
34
2918
9248
476
9349
3745
37
6156
4520
3382
4005
8051
6319
2507
557
9222
7623
7293
9944
522
8537
4642
5023
2436
8237
8151
2039
6222
9439
8375
5328
7662
5132
843
4370
5681
2305
8942
2665
2660
463
2770
1676
1889
9222
4908
3570
6191
960
2019
1987
6008
9106
5758
9519
348
1891
7106
248
2835
1223
439
9042
6008
2403
6
680
784
8914
2132
4753
980
153
2418
1728
75
1043
9696
6899
8309
8518
9902
1946
9891
8577
9086
9567
4995
7491
2997
4727
1547
9183
3439
4065
1601
3310
9709
4439
5399
15
3129
8829
2296
6299
9318
1962
1885
5944
3288
4245
926
6230
8525
3560
4530
1500
6912
8206
1946
9399
6565
855
5656
3510
3502
5855
8267
1778
9156
6866
9857
2236
1566
4534
8987
7256
7547
6084
5017
8024
6943
8808
5070
9601
3508
1955
9188
8379
1614
7214
4018
6655
6388
1500
7281
3646
6563
146
4645
6433
860
7890
8
8412
7119
519
7994
3174
9564
8795
755
4210
4087
9163
2303
1280
9345
4471
4480
3447
2181
3812
8140
7844
5249
8826
4365
4142
7170
1196
9581
4804
7795
4033
8994
8216
8930
6704
2904
5285
9818
4203
4658
3976
4141
2708
5830
3681
9160
6678
2343
9528
6871
1791
655
2610
7998
2428
1648
6059
9109
7568
9001
4764
4304
4428
1726
3686
527
3316
4545
3276
5689
7885
3961
4903
7622
1649
5390
9565
4940
3834
7398
5090
7058
8092
4255
7831
7571
389
909
9588
4051
2093
1627
7196
7861
9661
9449
3981
5845
2615
2117
2833
6930
8871
1976
1697
1168
8939
2370
3030
977
9362
4530
4515
9208
6867
4953
2440
1448
9358
6483
7091
8740
747
2157
5496
4324
9084
8297
8928
2690
4095
9385
393
9169
5180
8578
4030
1964
766
4047
7202
2610
9076
8604
6045
9613
4710
3410
5532
2369
9567
5329
1981
2942
2096
1166
1979
8586
2527
950
9979
8772
481
8346
909
9973
4856
97
4519
4667
9529
140
5332
9469
9479
9650
6893
8716
319
9954
5090
4756
1272
5284
9661
7569
9524
3833
806
4714
6885
3938
8293
988
7118
6177
1479
9459
5843
1603
6691
5972
2029
8964
9128
9462
9686
984
1734
7338
4709
1486
1167
4116
3197
1237
1753
5261
29
9185
7696
1115
5377
2656
4898
4576
362
4555
6820
6105
5194
8426
4062
2648
2437
4069
4772
9681
1994
9647
2187
487
537
8856
4429
4224
3046
2984
4600
390
6935
9067
6846
6667
9697
555
1441
7440
6576
9897
2402
167
1888
894
9932
5764
6540
7631
6252
2978
7281
4414
2412
2175
4444
4754
6162
7324
512
5498
8117
3217
2339
6882
2990
7368
9404
1618
7168
7502
8846
3881
655
646
3211
2228
3312
2982
8336
2811
9212
7452
6985
9495
2004
5153
7960
4308
2613
519
7457
6779
9719
5943
8402
2106
6160
372
954
6820
4142
3322
5992
1415
1434
4211
2703
7141
622
237
4959
8977
437
7107
639
6483
4553
4648
5221
7441
773
9853
2907
795
2490
9986
5452
4811
3697
3623
620
4721
7312
2360
8533
3638
9824
3920
1325
8090
6281
9899
9736
6282
1521
2402
9067
3886
6315
1602
5496
8391
8067
7165
557
6968
7978
5105
2057
7718
6127
2331
6417
2150
2709
8605
2531
9175
8516
1315
5523
3693
6718
3731
1228
6619
6486
1545
6176
5204
7701
8603
2880
698
6581
2327
3015
7516
4472
7829
659
4115
7838
5506
7613
624
7708
4803
5654
8036
2438
9244
4616
7742
9171
6244
9347
875
7683
6714
3242
5221
757
5794
7655
8104
1271
4006
1745
1045
5105
8446
2887
6813
4784
9661
3851
2334
9809
9658
1096
5962
5693
3648
4053
5585
4436
539
8142
2254
8590
8482
3555
1640
4498
2546
1776
5325
7925
8116
7239
238
6608
4373
4347
6952
4189
3150
9989
6514
8809
4618
1138
8712
116
8755
5408
3056
5925
1851
2720
406
8703
4192
3953
8246
9
4843
7343
5833
5473
6987
6215
3939
5249
9732
575
3013
7855
9449
7018
9478
5800
2938
9025
9815
9525
8609
8493
1264
4756
3838
4867
1422
2893
3945
9791
9317
3029
369
3304
957
543
8511
2155
8728
293
1255
5212
7620
1247
4026
9232
4875
1243
297
1628
8305
7151
190
9563
3161
8084
7920
9360
1712
6577
1834
2743
1613
1169
2690
7965
6855
528
2178
9099
8559
4631
5396
9119
1094
1293
3928
5783
4500
2889
5198
5949
6004
4047
4883
9173
4133
8910
9323
9906
5350
2847
3551
8842
4331
6833
1247
4825
3527
2842
3537
4751
225
9546
4658
2893
5266
8397
7130
4118
5272
8944
6331
2238
2309
592
6900
4925
9233
1198
731
2943
7304
794
2205
3245
1068
4336
4904
749
5614
4159
3607
1593
7748
1271
6450
896
5889
9719
1422
460
5996
1007
9315
2390
6729
6996
2781
7442
1773
1977
6556
4612
635
5510
8209
3137
1652
7151
1671
2884
1574
9592
4343
976
8240
4454
373
9260
3085
7107
6731
9438
865
1566
4254
6494
1821
888
7447
7171
1714
7889
8616
2967
4233
8679
988
1996
6753
1413
2211
6345
4807
7642
6641
7143
865
2038
7695
2773
8256
567
3342
8168
9340
1868
2405
7751
7213
126
2895
4901
4212
7392
755
5132
7996
3635
1611
9997
1710
2439
3488
9192
9444
2941
1499
8524
5541
8877
1701
2136
9291
465
3765
7768
239
68
2833
2186
5235
5189
4142
7383
4245
2715
7062
630
7655
9976
2710
958
8837
5732
5362
9101
5643
5020
2181
3401
3754
484
8648
1978
2434
4314
8843
8199
6499
7324
9433
916
5534
6835
9911
931
2510
8496
6189
4228
2650
7310
6032
1578
6011
3224
3327
3958
40
6661
6149
9309
5506
8857
3191
5940
519
6336
6063
1595
6926
7599
7363
4339
5230
6854
2187
4949
7263
8094
9493
7206
1095
4769
6815
7832
5982
1570
9703
8827
2358
2834
7926
3768
9592
1554
1466
9509
5444
4433
8729
3519
9825
7295
5956
7534
7561
2480
4984
6049
2429
1360
7262
738
4804
7421
9671
891
3511
8294
3448
3671
4347
5113
8230
8023
7
1438
2491
7865
5378
1743
2932
9507
2969
1004
1943
260
1271
4266
993
6558
9506
790
6953
5905
8447
7587
5926
5044
7939
808
2623
9113
6723
4583
1957
4586
4335
6842
7638
2396
8287
2324
2833
9000
2157
8644
3616
8448
2768
5805
1158
287
9300
2026
4689
9952
9977
6576
8935
7869
6778
3647
198
6288
705
4855
2864
3667
4856
830
3806
6282
7135
3979
1928
1580
5898
5504
6838
2313
3383
9716
7392
2203
7254
210
772
7387
8412
2117
6902
7717
7537
2350
5756
6658
8745
6387
6232
6696
5607
3908
370
2943
1959
1438
2145
8478
8082
779
5592
5646
7243
8215
6367
4553
855
2661
644
1207
8049
866
3147
7049
5659
5503
9872
8911
8542
4800
9558
5764
3831
9711
3806
7517
5780
4832
8606
2076
7057
6909
9705
6253
9680
4015
8452
7879
51
2267
5857
3430
602
8559
945
6104
7839
8487
3226
2169
1996
6458
8232
2694
5240
5824
333
4547
5327
239
8241
2014
4602
6780
1313
6840
6791
1254
7420
7944
8856
5345
9438
7337
4107
8056
8964
5076
9013
672
96
3043
7219
6641
841
3371
2625
3427
1130
2445
3903
9929
6856
386
6052
7515
2603
7214
9567
9128
4055
4936
1302
2574
7119
8323
758
6688
8789
8210
7815
4678
4134
8842
8493
841
6225
6497
6196
2315
9424
6646
7189
8345
1607
8164
8405
952
8728
3190
8729
5128
3522
8596
2440
3879
9508
7656
303
3102
6576
9969
7534
4860
6658
4758
4256
5539
5114
3267
4665
556
4051
9887
5197
6202
899
3661
6379
674
7591
204
7059
8746
8732
9497
4253
6698
9719
720
6708
856
3092
42
917
5840
2982
3866
1015
7683
79
5431
6459
9507
7
8983
7626
7801
4557
2924
2874
7364
3320
537
7336
3633
5388
791
56
4412
236
3185
4070
5591
9930
9013
9059
6466
8633
3865
2249
7337
6971
3421
7879
6784
6194
6423
2191
879
8066
3564
9569
8330
2071
191
8259
7125
2740
7585
570
5158
6908
5395
1628
4645
563
2454
3009
7937
8149
6261
8169
9373
2136
2884
3706
6053
359
804
841
1553
7816
2286
7035
1958
6626
7125
8167
6542
9627
5346
9873
6207
9339
6349
1355
3335
9009
5109
6963
5566
3530
2572
5990
3831
1555
8331
4117
1476
6179
9025
1931
7573
6996
4563
3570
7917
9815
2186
2597
7628
6436
2259
1647
7841
4650
5016
1333
6980
7293
1329
6179
9383
1031
5017
9398
1381
4801
746
6320
1316
9973
8722
9577
3048
3279
9338
8447
1452
6552
7142
2047
4435
3260
3648
6177
584
2709
3902
4857
2186
1306
5521
438
2396
3210
337
7434
8844
3103
278
5140
8460
1702
5067
7651
8995
6046
8196
1867
9588
6045
151
509
6374
7262
2639
4692
1801
4260
6883
2343
3469
649
4994
7515
9742
9465
3411
4009
1316
3108
3838
2209
7063
1240
1311
844
115
9328
6014
1343
7158
4385
4750
521
3220
6255
1046
3952
4095
2239
4662
7630
6649
2180
5919
2897
3478
5719
5119
3676
5791
487
5363
4605
7731
1168
7398
8557
2214
180
3739
3285
7756
7030
9290
305
4747
386
9810
8873
3643
2498
9161
5573
711
2147
3863
646
8220
7324
9351
7292
4433
1026
5361
6079
9311
3035
2143
7569
1019
3862
8404
5272
7818
286
588
9089
3083
4013
5784
6787
1011
9614
1557
5658
6866
4216
8244
9996
2149
6223
5108
9411
2970
8022
9096
9954
8965
341
9169
7686
1556
6134
6497
5086
587
3524
2546
2939
3998
8844
6675
4357
4493
4264
4620
7519
5841
9207
8502
3896
6040
6224
9565
2525
3271
7390
8463
1454
200
9109
9598
4228
5599
5565
7632
9999
6792
4960
7663
1135
6167
2360
8614
4185
5441
8296
8699
7264
6349
7002
8978
4165
9180
8524
5011
6467
3333
8334
5038
4292
5039
6894
7141
8537
4638
5343
5009
7453
9695
2186
2273
4244
9824
3165
2387
9197
635
3345
4537
9217
1320
2624
5061
2018
8645
6109
638
2504
7606
2797
1819
3942
2492
1205
8312
6304
126
7502
6234
1125
4115
8434
1575
5314
2661
1375
3747
6348
3580
3657
5638
393
9824
5727
6644
403
8342
8821
7963
2167
6250
5345
4229
9302
3717
1756
8038
8965
6221
7834
5815
9908
7956
3946
5931
7494
7846
9532
7186
781
8021
2631
5860
3078
8170
6568
1095
3992
5304
8228
5139
481
9368
3826
8837
2508
343
1918
8815
5127
6859
9780
3249
307
9407
973
4915
6365
7140
9419
687
3506
4988
8013
4031
8491
6321
7592
6539
4668
729
9863
9926
2670
486
7710
545
6308
5121
7666
3107
9464
5564
3194
4239
3281
5639
7326
7323
9300
2978
7821
2318
8015
8070
1847
6770
9146
3016
5242
5309
6434
9474
1958
3114
9754
2359
342
312
4346
6033
7303
3422
2815
9671
160
863
5910
1670
2819
1154
7337
8112
4577
6978
1309
6173
9818
4992
8557
4399
6340
9043
7027
5155
163
7573
265
7562
5857
214
4682
4346
8592
1622
286
9761
3583
9740
1974
2362
2815
5906
670
2604
3669
222
1095
6083
8743
6347
4961
161
4768
9664
3645
1731
5648
6289
2943
2868
2150
9868
5738
7390
3816
9659
1057
5134
1641
8148
2738
6405
2538
2991
7871
3061
197
9736
6174
726
8971
8342
8749
7149
8445
163
846
3787
658
2775
8708
9127
8772
7798
6657
2164
2050
1081
6709
4678
9626
4277
620
8519
5779
1293
2900
4154
5322
2400
7043
1591
1192
7432
9327
9123
1087
2349
9874
1940
5131
9728
6429
3331
7270
8581
8569
2474
4378
8216
7977
614
5739
2863
1055
5430
354
795
7652
6777
635
1912
7086
6015
6964
4438
9903
2335
8679
3013
5737
5597
7282
9825
4532
5143
5138
3765
8694
7386
1087
3017
8781
8448
6693
5357
7968
3984
7200
8949
8865
2813
3285
7528
6044
6012
6903
1758
1431
7243
9434
83
1506
7235
4350
6731
6554
4878
8611
8601
7062
1799
8584
197
5102
8914
5639
5456
8099
1142
3757
5335
7033
6353
2562
2553
3593
7977
8029
4266
6254
2812
8346
8011
2429
2549
1091
495
277
4830
1316
4249
1097
4329
8846
2852
7189
3471
9903
7792
9084
2387
2589
3645
7464
1988
8708
7409
7241
5158
4669
3411
9652
7675
9243
9381
9889
9702
1477
1664
6270
7865
4820
4070
1344
2480
3165
2988
5188
5058
3142
4943
2109
2817
7774
5783
2980
4298
5486
9702
1188
2958
9438
1168
3517
500
8502
9711
5453
1462
1329
5939
8598
335
5577
6178
2909
3237
769
5512
994
5390
7716
1629
3081
5891
4016
2798
8244
733
2380
5581
2236
5011
8494
2966
3849
2799
7124
7628
3334
8282
9617
7450
750
5307
5027
2933
8076
7158
9430
8759
686
7756
5546
9255
1385
4353
5815
3707
3431
3758
6751
8091
5077
1914
4173
1065
6582
457
2983
1024
8603
9852
8007
9765
8360
7300
1584
7885
3166
9882
3985
5057
7799
5318
8167
2270
7841
355
5560
9385
3353
5279
2360
952
9200
2120
9041
5906
6960
5362
645
9813
3016
465
8505
5272
8
9581
9728
5792
6982
8736
1639
3749
2781
20
2921
5325
9079
4782
227
2751
6624
9785
8840
2578
6626
982
5556
4739
823
4744
6408
4797
2601
3832
7073
7062
7421
4666
1144
1484
2074
5360
3324
5103
9574
6598
9978
547
8045
6433
6871
4217
6717
6965
8302
5085
5091
3974
2125
629
3761
9548
937
3119
7533
654
1078
6850
1000
1352
7267
7799
562
6043
1699
7899
6560
9677
2617
1881
394
3273
4463
1659
7358
6112
6460
2032
9748
3846
575
6135
4016
2422
1998
6421
3718
6350
5130
4769
8864
9329
195
8845
4025
5375
8924
6076
5013
5478
2138
3407
4807
4735
9630
2960
7538
6307
5184
6410
9780
8151
394
9912
2981
4476
2627
7870
6418
5086
8570
3471
3358
6968
1781
6658
9641
999
2743
6990
887
3067
2186
7837
8549
9006
134
9898
72
3874
7286
9249
2707
1441
5863
8670
6363
3231
6408
366
7997
9486
8148
4443
6066
3552
5450
734
677
1281
644
5812
3741
7953
5588
9943
5428
8477
9338
1406
9460
9351
2742
349
522
3444
4628
486
5727
7939
9149
7902
9579
6726
9055
9298
5539
2501
6766
1345
2824
2027
666
1398
3461
5400
5676
5964
4216
5366
3893
1502
4660
2095
3343
6078
4491
5098
9156
3989
4719
2288
2368
4836
781
9804
795
9173
2328
6191
5077
9607
3634
2384
1873
6117
148
6101
7748
5495
2452
2441
9796
7786
8949
9586
2650
4718
4679
4557
5685
6765
7433
1123
2934
1213
625
7918
875
2326
4988
9494
6400
4246
1107
4431
7160
7910
2650
4261
554
9152
3333
9233
5251
7687
3292
2516
3394
812
8708
7038
4145
2102
8372
5610
8595
6083
9972
2312
7409
9718
639
6950
7871
8084
6292
6651
8186
7087
5522
8979
2276
7726
5128
1424
5766
6266
2914
60
7791
1718
4462
9916
8352
7591
6048
8549
7331
6452
1125
1099
4962
574
2634
5266
9041
6273
1989
9570
9195
9652
6388
8137
5944
9042
6945
8077
5627
6453
2521
8876
9845
1757
2926
3049
1984
7719
7391
9768
9413
3911
848
6631
1902
8678
985
6414
5408
8844
286
1182
9709
9813
8046
4332
7978
9860
9170
3679
4886
441
5062
6721
994
1830
6501
3765
4580
6959
7834
595
5099
6825
3315
9812
739
8335
9832
9406
3451
9596
4233
8210
8529
7943
5515
8485
4999
4423
4104
4027
4591
599
2764
2942
4090
7583
9582
3147
6493
6455
4674
9944
8190
378
4017
1568
5104
1018
8953
6259
1052
9052
713
6055
2370
2458
5617
2769
7191
3209
7905
619
234
5839
6417
3741
2479
9898
577
5218
5386
1786
6840
7980
6023
6490
1438
7543
1812
1587
9807
2087
2644
9829
353
8078
6619
4095
4171
3247
2210
7165
1358
8615
5528
3954
2277
1031
8494
9500
2364
2451
3166
2774
5026
5080
6729
8209
8362
7967
137
9335
4480
4549
40
1157
8703
1217
1703
122
3845
413
8709
2046
4014
9665
3857
5733
363
8572
5076
3362
6513
8750
7510
771
1421
5761
4358
5887
2153
8986
6726
1819
8008
7680
4068
3603
6024
8426
9262
6022
3880
5579
7355
5376
5902
2421
1820
3822
1021
7764
3449
7251
3194
4930
242
9996
6450
9477
3241
5582
3684
2899
2121
3816
9510
3577
4282
6815
4214
8438
6208
3177
3851
6836
7228
5961
1647
5467
1545
9278
5564
8188
5252
3527
8484
1921
6065
2783
6544
4467
8364
9387
195
977
5740
3689
3888
8270
3069
5231
9325
5959
6575
9790
9053
2892
4954
4535
4672
8025
6356
624
3184
9274
3344
457
2401
2613
3364
3194
2349
2047
2421
7957
2633
9519
5924
1874
2610
1293
8699
2067
9646
5437
8265
4326
7028
4596
3261
4272
6225
9659
6779
8215
9606
7200
2958
5717
5284
3955
317
8188
307
426
1691
3957
1279
6375
5599
474
5316
6197
802
8992
2758
5058
27
3548
6263
578
1844
5411
9098
6641
6027
3595
6963
1573
7926
1726
9658
1755
461
6565
3135
1350
6684
4391
7029
3945
4403
5118
1642
870
7758
7781
2858
8664
694
7671
9852
4961
4852
9194
7887
8219
7172
8948
4030
4627
7533
3973
184
2534
4184
4985
89
6189
4962
1894
2180
3456
9306
4367
9769
9294
5689
730
6474
5575
2423
766
3675
9931
584
6436
1162
1411
9237
5952
5830
6451
2600
7397
7664
2954
5810
7060
7387
5114
2627
6722
1287
8236
4382
5173
5232
9972
9563
6929
5078
3165
1359
7909
6587
3908
2420
8930
3769
3061
7917
1340
1932
5240
5277
5761
2680
9999
4524
6775
816
7920
607
126
7600
7075
6435
7035
5479
3434
8773
1764
2652
95
9678
5678
8101
1886
5981
2098
7989
8985
3693
3117
2227
2120
3558
7152
9802
6684
9473
8433
8112
1612
104
8300
7914
8941
1147
8747
9187
7914
7797
1511
3299
2180
6538
41
2694
3751
6292
589
7259
3634
3705
9738
7484
778
5213
4801
9283
8314
8455
2207
933
6304
2017
648
9134
761
5447
4943
4645
4879
4356
5175
5601
6157
2215
7721
7644
744
6516
3778
3263
6000
7666
7745
7760
9576
2016
2220
256
5175
3779
6342
8349
6881
5111
9963
3889
2370
6098
3316
9252
6128
2987
8655
6646
1907
6882
410
1030
6170
1525
9556
7920
1723
12
4348
7954
9865
3382
4867
9998
278
5401
323
6632
6089
2760
316
1313
7208
532
6363
9811
1161
161
8689
687
5376
8076
9574
9947
4669
577
6576
10000
998
4441
5652
7868
830
8053
9831
8556
7459
5879
6394
3635
1386
6737
4511
2590
4612
3892
1542
9065
8137
4456
3803
1287
5171
7480
9772
7068
9107
6383
7976
8080
2814
6494
3219
3014
4600
8172
1983
8836
1857
1791
3248
2897
6357
8777
1001
5076
9327
84
6184
438
6341
4903
8159
7014
8849
9088
2151
6820
1969
8090
1798
6485
194
962
5842
2576
5637
9971
877
2825
582
1930
4438
94
6774
6166
3587
6701
2117
490
5447
2181
6456
5172
7298
8807
2590
4360
8354
517
2279
3104
6666
2319
6458
848
2650
4558
5128
118
7137
3940
9030
3228
2737
7322
9855
9607
6418
4076
3611
182
3267
3172
7303
8948
7160
3936
5075
8002
1708
9743
7289
4502
2567
8206
6369
8590
5219
2266
8719
1289
3583
2194
9260
9885
3763
8796
848
6768
2215
3106
4754
6026
4974
9728
706
4250
9964
9944
1529
3313
6670
6026
6611
211
6858
9693
6562
4516
5551
4101
8914
2791
3582
7129
6480
83
2354
587
3601
702
8429
8925
4663
2598
8763
4088
8372
945
6519
4417
5186
9903
8525
1260
619
645
8192
1143
4426
216
6287
4573
5420
9855
6818
1276
2688
741
2040
2541
3395
1559
8176
9413
3802
2271
2889
2662
4726
4403
2702
1779
9738
851
233
4684
3363
4736
5737
4453
4061
2892
5757
6495
1660
6291
7711
4385
8134
9731
7474
8178
5952
9817
9930
1007
9995
9424
4337
4830
9419
6758
6307
361
5640
2961
4891
8812
5100
400
2136
1501
9581
6074
6637
5330
7056
8861
2114
3184
4334
5613
4063
1525
8536
6755
1364
5676
448
367
7583
5941
2212
4400
7271
6208
6962
504
4494
2011
2109
8634
5134
683
298
4774
4256
651
2636
4916
7921
3637
8519
232
8097
3524
9041
7398
1165
5061
1809
4910
8559
3320
2607
1808
7146
9530
6831
6927
5096
4364
3945
7633
3601
5470
7317
1239
2446
3888
8632
5292
5724
1673
1687
8763
3239
7450
507
4048
673
5598
5021
4878
5354
4619
1277
2291
6043
4163
5864
5736
336
4232
3965
2079
9092
8480
4643
3085
5416
4388
2012
7244
291
9068
9268
111
9343
3995
8887
2339
6991
1578
1751
5829
8210
9438
9452
4443
6658
684
5516
4961
639
669
3574
8780
8941
8238
1138
6409
1499
2457
117
5589
661
6158
628
137
2519
81
2119
421
6845
8777
924
2914
1850
6883
5127
643
6115
7504
8526
9044
9922
6430
9434
1495
9070
1505
8188
2141
2919
3778
508
4465
4299
180
2946
3275
6267
2824
1500
1250
9043
9294
6757
2579
3876
4476
2023
5478
2370
3673
2876
7160
9921
3403
7168
6279
2545
8242
3567
5533
4930
3778
5239
9385
6029
3482
5053
3188
1992
8522
4557
7217
7913
3010
8465
9269
3658
7162
286
7598
8516
7922
155
6303
9071
4870
6693
8935
5037
5740
5907
4552
6402
5418
7822
5534
2065
6572
4117
40
5554
6512
7502
5588
4601
702
3965
4979
2150
541
5211
9397
572
4058
6929
5758
7497
6947
8953
4869
5523
1120
7117
6260
605
450
7935
1655
1554
1266
3027
8288
286
8584
2993
6647
3450
8871
288
8140
5969
426
531
5575
5437
4236
2080
6937
5987
1282
2317
1911
6621
8266
8566
1640
7980
3435
238
6607
6221
2551
931
1292
3053
6936
3962
1861
4383
811
8923
1869
170
4124
3509
2631
9737
223
7998
3774
3704
13
8300
2987
1819
9449
1315
8307
6938
709
6265
9666
9724
2065
8725
8894
9743
1333
3344
8484
1029
3160
3125
519
3005
1996
9695
9013
455
3892
1245
3099
4819
6312
3764
6667
8981
2757
7181
464
5767
3587
967
2553
4851
6529
4047
1002
6299
9542
3827
3588
7420
215
2183
6694
8549
2029
7818
4166
2819
3703
9619
5291
7106
8544
428
3143
1918
9309
9915
982
5977
8761
7501
5747
2499
6678
7314
1850
4739
7993
8810
8823
3450
2180
759
9866
5000
4596
8294
427
8414
8138
9847
999
5275
3955
2402
6650
3165
7940
5241
6447
341
2445
3879
8459
4054
8808
5195
6149
8744
8087
298
1209
4535
6683
7347
1858
5672
8645
9223
5030
759
9047
8454
1416
5643
5381
2844
9449
7652
3505
9305
9973
3524
9742
6443
765
1806
152
6112
9244
3247
8272
8036
1558
7369
8135
7011
9046
3591
9934
1159
1072
9249
4645
330
5648
1684
7924
1226
8533
2465
3841
3045
2471
4688
7315
2243
357
3688
9492
8715
7343
5169
2337
6345
8841
8637
5354
6171
5527
116
2552
235
5739
1356
4854
1453
9422
484
2761
1651
3823
2180
4949
2883
2765
6602
1813
7009
1507
4492
4374
4461
9013
1425
7496
5118
4732
4612
2238
3342
2028
776
5154
7908
4263
6736
4724
9523
6093
775
7615
2854
9357
3472
7908
2709
8365
6038
2946
3652
5460
4377
6304
4948
9922
5398
8336
6561
9437
7715
5248
9865
760
4166
3714
5341
8327
2070
6290
1106
43
9584
3070
4018
2914
7000
5430
9318
4736
3731
2255
794
2409
9304
4135
8270
1663
6881
2449
5510
1769
6193
8615
2004
4983
7966
4016
3904
3260
3764
2537
9627
1781
3156
4421
6530
7510
4823
2283
8935
9
6071
2287
2158
2785
6169
4924
5314
6751
5982
2215
55
6166
2929
9842
2310
4252
8089
2276
1725
6107
284
8900
2494
4076
9193
8713
2766
7697
3435
5620
974
9597
9808
4022
7613
9739
2340
6790
6729
5427
8496
6951
8903
9561
3209
2195
8461
9559
6163
1491
2004
3847
8672
7387
3414
7345
2432
4984
7920
2198
8328
1172
5016
9068
6644
137
3783
1419
5253
1051
6387
9944
8980
7402
9015
7724
1703
4612
5225
8981
3632
530
1797
1754
4092
1030
5427
4744
7485
6064
4592
4985
5035
5282
5998
619
6899
7302
4110
9581
646
4168
1983
7380
7639
8900
1131
9147
3893
9217
2997
9565
9392
2580
3822
5804
4126
4361
904
8252
9546
2921
2474
695
2222
2600
3696
6597
3556
8099
5331
295
409
9387
3479
1759
4042
4702
5784
1420
5863
3073
6604
5442
8460
1611
5130
444
6679
7549
2202
3725
3329
7556
9422
6644
6174
2129
5397
4726
6970
5766
1347
6090
9599
124
7255
3177
6020
1406
3799
1222
4447
8660
520
9043
2626
9017
3145
9428
5585
7236
8668
3514
768
3866
3585
1295
8313
5008
7957
1665
4058
4315
8899
4638
979
5905
4961
9364
9362
3355
7227
2529
6485
4978
2868
967
6355
6826
9560
8319
581
3629
9698
5283
4154
6017
9437
541
8103
1353
6441
9368
6012
8371
2872
1361
7165
8384
8620
8718
4746
7016
3953
6814
9344
2349
9165
2403
8322
2284
2291
1628
9627
4653
1157
1205
4553
2153
7333
9417
2344
20
4604
6646
3486
7125
9943
9820
2836
9304
8533
8951
8645
8537
393
5599
4707
7819
28
6276
7379
4529
2695
8849
2779
3790
9620
7152
8031
2186
9094
1237
2294
4258
2570
2439
3432
1488
3496
8176
172
6922
1071
9382
8488
9462
965
9672
8396
4130
5876
5496
3199
2426
4201
9339
6427
7855
6457
8712
1764
4618
9493
6878
2996
6681
6951
6501
2153
8102
5208
6557
2993
6938
2458
6032
8183
2637
9445
7692
6115
748
807
681
5291
9865
1168
6804
7371
1788
9990
4345
34
4
7230
2253
4581
9110
7040
8764
2169
3243
3373
80
5959
1255
492
4708
5556
653
4499
2335
394
4537
9077
3745
7412
7641
4659
1085
7380
7346
219
382
5891
4455
3361
9644
1730
8502
7301
7359
8672
4643
3586
1908
1063
5963
3698
7597
1723
3820
9338
1458
6610
3944
1486
4798
2856
4436
2635
7320
5919
1597
1414
5522
9365
4732
8093
8121
5723
5147
3823
7764
4183
2336
630
3948
57
6802
4995
2771
6742
6628
9602
5041
7037
1478
690
8169
5208
9019
4667
3736
7972
1109
9648
1743
1346
3761
6765
3479
966
6460
6176
5926
5714
5888
8624
6371
9006
2238
9777
4326
1965
9843
8510
6578
6609
3395
6462
5449
6976
9744
8403
2314
4388
3726
9241
974
1764
6935
619
2840
1839
2409
1166
7154
1120
7688
9535
6240
6704
8607
6588
8187
4087
9990
9571
8318
547
8518
8217
1320
7826
4882
1924
6877
2014
2624
4078
9885
2359
8900
5656
8817
5021
4549
5257
2277
7365
4697
9696
1693
4796
450
5545
2377
4908
4941
4180
1671
3274
7388
3008
138
5380
9450
560
606
2338
3496
5466
9000
8754
7926
575
9481
6990
4635
239
105
6706
3613
9678
5156
96
684
4340
3916
636
6648
7680
7077
5021
9961
6295
3171
193
1857
856
4971
3770
4149
3580
9234
7015
2966
726
783
3680
434
8240
7136
5069
2755
6964
2105
71
9985
1687
1068
5006
1189
2016
5372
2636
8169
1105
4014
4208
2943
327
5846
3626
1752
3409
7269
4918
4049
4873
5057
1460
6482
5461
8097
9471
2163
6572
7362
6689
227
3841
1155
3377
8459
6676
8195
4950
5
6370
5498
2828
2126
7903
9259
5705
47
3874
8553
9523
3656
6180
7939
7784
8919
7786
6496
5222
9032
1418
3795
7732
9525
727
4131
4087
683
8139
5284
8619
4738
994
5328
1625
8858
1245
872
8367
4895
1478
9175
691
1796
3778
6875
3304
2021
8233
3702
6438
1837
5200
2191
7984
2813
3453
2651
8717
8704
2691
3923
6001
8048
5234
5553
5341
4853
8594
5633
6642
5779
591
7799
2950
547
5454
1760
6814
5537
8801
186
4464
7344
1624
561
3959
3872
3759
9127
5260
3743
1893
8175
9172
2404
5140
3576
9664
2976
6741
1204
1826
9836
389
5368
2704
3927
662
3572
7338
6423
9508
7327
7193
3605
6533
8063
9812
1450
922
9534
256
6477
142
9558
343
786
4560
4454
7269
9303
6665
1729
9835
3430
9624
9237
7995
6399
817
5852
3699
4570
7079
7123
7435
7379
8627
9528
4638
8159
8589
3659
6545
5564
268
5989
6288
9355
2633
8541
5046
654
1816
9846
6372
2922
4540
87
7072
1453
9827
7433
9788
8273
8200
5318
1197
9757
3171
2829
4454
9880
2105
2669
3245
3978
6039
2185
43
194
1159
5732
66
6591
4449
6641
944
8673
5561
4382
3148
1898
177
8008
1354
9306
6658
97
4547
5575
535
8677
257
5626
746
5450
8717
4209
8215
3677
4136
7752
3211
5827
8258
7358
5667
1157
2813
3873
2667
7504
7066
7855
2380
8338
995
9602
2698
6524
4239
9268
9839
294
2323
6394
1621
7235
8326
3104
8103
3841
5879
6594
9133
6610
862
7593
9857
2524
1505
8419
692
9128
5194
4028
9988
2285
5158
7756
5664
9920
4098
3025
6904
5273
9945
9134
4631
9850
2151
4032
8977
943
4417
5165
6168
264
7654
7924
7207
373
9926
9311
5666
4301
196
3991
52
12
1680
448
2680
4160
4495
6806
9152
467
4588
9019
5631
9491
7111
4196
4698
5626
8919
9365
6301
715
3693
6499
6048
5179
9386
1800
7560
6566
6619
5531
3093
5441
3467
2866
9520
8150
3267
823
7690
5277
635
2727
4558
2284
9398
1719
3268
7046
4577
4732
163
6875
946
4992
3574
2321
5303
4621
3360
2529
8707
8439
7319
2051
5653
9937
9251
8971
941
5892
6607
3167
6978
1067
7284
662
6033
7036
2608
264
8750
5031
5206
4926
413
7473
5321
463
1431
1024
837
2694
1177
7657
842
8041
504
8005
9646
6814
8418
692
4621
8561
775
2593
2113
5713
377
7741
9526
3709
2514
9348
9967
7485
6086
2467
4093
650
3057
6890
5752
312
4003
3451
3582
5937
6659
6186
8522
1792
4625
2255
1520
8841
8673
5925
5506
4024
4189
7305
5427
7217
1109
6527
5037
2193
2352
7529
7778
3990
945
1816
6665
570
7831
1786
9437
3855
2803
3911
6586
4952
2527
4850
4746
2788
6208
2317
8430
6937
1167
1634
4637
6760
7829
7061
788
6885
8191
4412
5879
124
1858
2104
6353
3494
6958
9849
3496
5973
8151
3164
3255
7539
4429
7597
7391
8962
2449
4291
5774
5632
2248
4202
8261
206
135
927
5721
3053
1861
1246
4994
8887
4900
9635
8695
3403
3018
4724
8977
1698
8546
820
6186
3834
559
4637
4279
6087
4427
9768
4648
853
7097
9658
9571
7055
6034
4169
5744
4684
8765
8772
177
2806
8797
6165
6812
1261
3559
34
7439
7148
6956
8020
2059
1075
500
1440
6746
2349
1074
2113
5464
9759
9397
2633
3559
6660
112
7401
7604
3494
4499
2881
5944
4029
9917
349
8117
2504
2141
2711
5444
9789
687
873
4746
2225
6710
396
5763
5747
142
5828
2888
8949
8689
5328
3152
9651
8666
1348
4193
9984
8666
2915
666
4502
2103
2899
3170
7335
42
1081
650
1853
2558
1745
1828
6813
2018
132
1515
6042
399
5363
8513
2974
5543
7225
606
7723
5341
2030
5818
9226
2147
4305
5984
8448
8959
1626
9060
3736
5095
1694
4898
3163
5971
6169
2879
6395
6313
5354
3745
3651
3224
5199
8000
6639
2472
7284
6646
8395
3999
971
1975
5193
3230
4482
1832
5939
2857
2377
4239
8054
6718
6647
9510
2646
5705
2904
3254
2500
7740
9354
7380
1252
9237
6797
4089
5751
9517
6810
5862
1162
3166
3585
2317
6550
9336
7437
5577
9813
7180
2104
6963
6264
8043
5343
3648
8463
3666
7623
4824
6561
430
9060
3297
7897
9063
9731
3326
7462
2302
2130
2983
2488
5182
5497
3600
9413
3939
561
7384
5139
1848
1380
398
1362
6451
7921
4720
5038
192
936
4695
9157
5026
4361
5576
3731
857
2501
272
6603
7452
1818
40
8436
6670
9027
9360
6488
2595
2875
603
4133
5139
9233
3871
812
1320
3491
6983
5540
1080
7724
2748
78
126
222
4499
3998
356
6108
3475
1867
7652
6387
4997
6556
687
8048
5748
2706
2122
1612
2717
2249
6582
1566
5741
4738
9475
7755
3872
9649
8520
7063
2034
7752
3196
9361
2118
6261
3843
9688
6852
2088
1982
8293
4053
7541
9054
3407
8275
3146
3355
7055
8073
9225
5949
4745
8942
4370
5938
7730
5125
3990
9093
8351
371
5806
8341
7496
1134
3016
8948
7385
3082
4097
6005
7268
7573
7147
2269
5435
323
4931
5983
896
7553
1353
4090
1373
7101
4373
7648
4518
5012
1288
5975
7511
7645
835
6824
5258
1127
4916
6438
1338
9749
6081
3751
3839
5968
393
8356
180
6083
8156
8645
4736
5984
2198
4193
1194
9486
4209
5642
6428
1048
6691
5291
1484
7268
3574
5966
7964
4997
6243
3036
1282
5823
3556
1569
4046
5910
8622
4218
8065
4708
1272
6278
4795
2478
3646
6486
6255
2192
6308
1863
4844
6050
7038
4105
6416
5867
5547
4443
3700
985
632
7116
2311
9135
8486
1223
854
9053
8998
9881
3386
4591
5676
6961
2917
7012
1119
9453
3605
4190
424
4508
258
1295
2117
4524
597
2724
303
2889
9855
605
9693
3498
4707
7017
5725
1703
9698
7289
8215
9506
354
7634
1984
3217
6940
8971
1451
4391
4258
965
1531
5870
2021
550
3231
4694
1886
212
5177
8129
2310
7170
5799
3076
4438
3330
4963
3933
3003
7957
9586
6423
1263
993
4699
6196
1860
2453
8122
4211
8758
6481
4132
7630
6421
8373
9089
4156
4340
2134
8803
9052
9248
6799
1068
5393
4691
3143
5312
6207
5477
9801
6174
2908
9599
6652
7775
5314
2686
7267
2528
4719
8922
3914
9515
6330
2430
1517
2375
9857
2557
5901
1830
4472
6900
3818
8740
5220
193
6274
7349
2043
1238
3992
1408
7826
4033
2403
8604
5684
7949
2813
7314
3269
6148
8722
3936
5775
6457
5255
2918
8602
3801
7666
4173
9162
1196
4201
3975
5225
8969
4315
4925
7050
5321
24
8378
7367
320
9437
6121
4861
268
1419
2749
874
554
9139
5768
1077
3355
9073
2301
6591
2466
7632
4690
1882
90
4020
2919
9142
8140
9319
6151
2966
2332
1668
7703
2724
7289
7715
618
1372
5726
5651
8825
7870
6685
1145
7604
1635
4945
901
3996
1424
8534
7809
4111
8886
7085
1075
3290
6695
1040
8230
1003
6664
1636
4256
3025
6291
6783
8526
8427
6777
7026
2709
8824
2420
847
3536
974
2300
1943
5965
3349
2572
3845
3364
166
4870
5215
8726
8340
9815
5167
2811
9994
7289
1951
5167
7765
5693
2889
5688
8753
6129
5431
6531
3702
8143
8336
6615
8415
1877
7707
7997
9162
7270
6176
8626
2893
5271
7864
2812
6596
1043
9895
3538
3475
6700
7209
9052
804
3975
9692
9856
4728
8595
9485
7157
1664
2607
4202
4856
3369
1899
3993
1232
3061
3816
3537
7194
1451
4172
249
6427
6732
6113
5889
3204
817
2560
3234
313
8037
8812
1542
7635
3695
3861
1639
1697
5222
9809
7078
9197
6972
8490
5692
5782
8725
4567
3486
656
7589
5027
1887
9003
5490
1259
5829
9357
2051
174
410
5627
6229
5107
5250
2293
4186
9100
2349
920
3168
9169
9923
5877
6803
9539
8368
8535
2567
8905
4598
7075
2727
5374
9916
2456
2089
2656
7766
7559
8694
1918
6495
7114
4553
8296
2974
2176
1875
1448
2986
7614
4809
4605
4803
9192
9461
7529
638
66
1977
9144
582
301
2676
9288
2056
8185
6334
5356
3038
4934
6511
2912
3191
3712
3215
3317
7852
2230
6654
1211
9316
8679
3024
1839
1460
3572
8139
2460
5437
1397
8722
6169
2631
3447
2708
5159
9748
3608
2689
5684
3668
7088
7436
6013
9398
9102
4252
3068
7076
4084
2459
1701
4202
4210
9689
9430
5955
8296
6370
5395
8163
630
9093
471
197
2789
3797
7405
2247
2751
7383
9504
4144
4507
8167
71
1878
8369
8981
1119
1867
2144
7588
2093
4460
3857
7902
9968
2347
4248
4435
1495
1596
8454
6263
346
6420
2570
2447
8192
8463
3587
1879
5266
4231
5476
455
4605
4317
2366
7455
5339
3461
477
6841
2202
8744
7540
927
3577
810
2142
6376
5276
6906
9095
1999
6244
577
6837
9762
3735
2507
268
9111
9367
3676
3268
5137
6190
2526
7058
6200
4962
6186
9530
5188
4632
1448
837
4520
1754
9363
349
6732
1382
4101
7276
6980
5851
8641
3397
3504
6104
9428
8949
6593
1418
2735
4548
83
1326
9674
3887
7538
4002
3588
1453
8986
319
8980
6255
8010
9493
8892
8838
3159
9431
1090
4079
239
7218
9942
1990
8588
2927
4841
9485
2257
3210
9877
8237
1318
7160
3148
4528
8629
2542
4653
1947
7104
227
3313
3511
8048
283
937
2664
6145
6872
4961
8514
6864
3098
8523
4203
572
4315
4138
3498
3769
9557
9316
7223
8654
7746
1459
2673
4244
5865
7116
943
903
313
7565
2679
8306
7379
7029
2014
7728
1922
1979
9159
2166
5867
6588
7412
6996
8740
8128
6267
8117
9467
8325
1799
6223
6064
8884
4133
6618
3957
4115
8585
7023
3085
5558
4826
7773
8127
4348
366
654
558
9470
8349
1707
6310
3456
3161
9334
5594
1093
2239
8842
8767
377
8119
191
4989
2962
3205
4774
585
8272
9030
451
4788
758
5884
9017
2865
7404
1265
4585
6622
6935
5334
3221
2673
6420
5483
2618
3148
1093
6266
8016
9825
6141
1640
6289
8818
2430
5672
7271
1920
4839
6611
1635
6958
8131
8722
4393
1286
9707
516
2288
3023
3376
1373
932
7817
2476
6458
2022
4404
6057
5934
9460
3254
7614
5838
9113
7697
3072
5806
4078
7496
9004
3958
422
6092
8673
9232
9154
9014
2299
9979
401
9953
819
2619
4453
698
5683
3534
5910
4313
2367
2673
8306
8351
8989
8939
2703
1962
4187
6061
1208
6132
8852
219
5481
5925
6258
1734
1315
9352
4845
2512
2882
3484
619
4366
4041
1706
2245
977
303
5603
385
1728
6767
3015
7273
1199
5080
1518
1815
767
9205
2149
1873
8847
7911
4486
1777
695
5764
9625
206
4785
390
600
8346
8313
4833
1746
1401
7319
6042
885
8787
6741
9617
8361
4366
3179
8907
8654
7403
8799
1611
4086
7537
7295
3221
6896
167
3588
8904
583
2332
140
3042
4388
9615
2798
7180
9980
8616
5129
6636
7636
1673
1109
7659
6036
5068
5700
3812
8845
909
3751
5358
6720
7343
9942
690
4164
6885
8986
4327
4303
8891
2340
1640
2458
2725
3801
2321
4734
3523
1767
3462
2331
7368
4036
9801
8327
2401
3365
5523
7442
5449
2791
4680
7428
2486
7470
1391
5616
22
9364
4627
3178
5824
9899
1807
2665
2349
541
7455
3571
1430
9712
3267
2797
903
3445
4685
5987
9736
3287
2468
12
1214
1713
1917
299
571
8502
6057
2171
4813
5073
8902
1650
1253
151
5831
9453
630
894
3635
5623
17
5952
9703
8395
8620
3649
6552
3874
58
8836
599
8923
1156
7458
5095
4590
7023
8230
1741
7786
4151
4112
1254
5974
8379
4512
9750
973
6495
6477
3008
1890
9312
4186
3853
6611
3072
3958
1771
8609
1643
7297
9365
2238
1773
9111
6439
118
5279
8060
2100
7854
5474
1319
7899
5259
71
3487
5348
5476
6800
7165
6245
9010
5523
4362
1771
7061
5827
4248
1723
4327
311
48
2466
3717
3567
9629
5808
1539
7432
4369
9611
1702
4229
3992
5566
6841
8103
7165
6173
8764
7618
8780
4277
7391
888
5779
546
4627
9236
4661
2222
8252
8351
8910
1238
9788
1816
1398
4510
4844
1354
5209
62
7178
5976
1387
6538
3746
5771
8204
7986
5324
5012
5389
1360
439
6400
3156
8762
9024
3130
1506
8250
1688
3476
1492
2917
9685
4383
5308
3282
8355
9278
2483
6535
1577
440
4297
8016
7174
3376
2928
6172
4457
7737
959
5172
2577
946
2098
4909
5840
1904
1695
314
6697
2472
4923
1822
4207
7047
8201
6761
2408
8192
6680
6018
2246
3337
5746
2253
6819
1870
1512
9238
4413
3274
8095
5776
8689
5145
8059
5443
5835
2865
6771
3675
8929
1729
2815
8123
1441
5588
219
1268
8699
603
3637
